[ [0.6588364332184478,-0.32668465686085385,-6.622405771475483], [0.16102728502659955,0.01647449728413325,-6.949724298473203], [0.13872845948636478,0.6541273471472806,-6.693577152836527] ],
[ [0.9442006800446456,0.09888403510405498,-6.1639648196991965], [0.6588364332184478,-0.32668465686085385,-6.622405771475483], [0.13872845948636478,0.6541273471472806,-6.693577152836527] ],
[ [0.6227561833301153,0.7050591057672582,-6.207951072680746], [0.9442006800446456,0.09888403510405498,-6.1639648196991965], [0.13872845948636478,0.6541273471472806,-6.693577152836527] ],
[ [-0.8297041587738252,0.15726311053262212,-6.463720564212161], [-0.4735772099763039,0.7411393556555905,-6.39321029592289], [0.13872845948636478,0.6541273471472806,-6.693577152836527] ],
[ [-0.4374969600879715,-0.2906044069725215,-6.807664994717626], [-0.8297041587738252,0.15726311053262212,-6.463720564212161], [0.13872845948636478,0.6541273471472806,-6.693577152836527] ],
[ [0.16102728502659955,0.01647449728413325,-6.949724298473203], [-0.4374969600879715,-0.2906044069725215,-6.807664994717626], [0.13872845948636478,0.6541273471472806,-6.693577152836527] ],
[ [-0.6227561833301153,-0.7050591057672582,-5.792048927319254], [-0.13872845948636478,-0.6541273471472806,-5.306422847163473], [-0.16102728502659955,-0.01647449728413325,-5.050275701526797] ],
[ [-0.9442006800446456,-0.09888403510405498,-5.8360351803008035], [-0.6227561833301153,-0.7050591057672582,-5.792048927319254], [-0.16102728502659955,-0.01647449728413325,-5.050275701526797] ],
[ [-0.6588364332184478,0.32668465686085385,-5.377594228524517], [-0.9442006800446456,-0.09888403510405498,-5.8360351803008035], [-0.16102728502659955,-0.01647449728413325,-5.050275701526797] ],
[ [0.8297041587738252,-0.15726311053262212,-5.536279435787839], [0.4374969600879715,0.2906044069725215,-5.192335005282374], [-0.16102728502659955,-0.01647449728413325,-5.050275701526797] ],
[ [0.4735772099763039,-0.7411393556555905,-5.60678970407711], [0.8297041587738252,-0.15726311053262212,-5.536279435787839], [-0.16102728502659955,-0.01647449728413325,-5.050275701526797] ],
[ [-0.13872845948636478,-0.6541273471472806,-5.306422847163473], [0.4735772099763039,-0.7411393556555905,-5.60678970407711], [-0.16102728502659955,-0.01647449728413325,-5.050275701526797] ],
[ [-0.3679752604703094,0.8458477190157471,-5.721947338419703], [-0.6588364332184478,0.32668465686085385,-5.377594228524517], [-0.16102728502659955,-0.01647449728413325,-5.050275701526797] ],
[ [0.30959618504174224,0.8235488934755123,-5.607450817148883], [-0.3679752604703094,0.8458477190157471,-5.721947338419703], [-0.16102728502659955,-0.01647449728413325,-5.050275701526797] ],
[ [0.4374969600879715,0.2906044069725215,-5.192335005282374], [0.30959618504174224,0.8235488934755123,-5.607450817148883], [-0.16102728502659955,-0.01647449728413325,-5.050275701526797] ],
[ [0.30959618504174224,0.8235488934755123,-5.607450817148883], [0.6227561833301153,0.7050591057672582,-6.207951072680746], [0.13872845948636478,0.6541273471472806,-6.693577152836527] ],
[ [-0.3679752604703094,0.8458477190157471,-5.721947338419703], [0.30959618504174224,0.8235488934755123,-5.607450817148883], [0.13872845948636478,0.6541273471472806,-6.693577152836527] ],
[ [-0.4735772099763039,0.7411393556555905,-6.39321029592289], [-0.3679752604703094,0.8458477190157471,-5.721947338419703], [0.13872845948636478,0.6541273471472806,-6.693577152836527] ],
[ [-0.30959618504174224,-0.8235488934755123,-6.392549182851117], [-0.4374969600879715,-0.2906044069725215,-6.807664994717626], [0.16102728502659955,0.01647449728413325,-6.949724298473203] ],
[ [0.3679752604703094,-0.8458477190157471,-6.278052661580297], [-0.30959618504174224,-0.8235488934755123,-6.392549182851117], [0.16102728502659955,0.01647449728413325,-6.949724298473203] ],
[ [0.6588364332184478,-0.32668465686085385,-6.622405771475483], [0.3679752604703094,-0.8458477190157471,-6.278052661580297], [0.16102728502659955,0.01647449728413325,-6.949724298473203] ],
[ [0.3679752604703094,-0.8458477190157471,-6.278052661580297], [0.4735772099763039,-0.7411393556555905,-5.60678970407711], [-0.13872845948636478,-0.6541273471472806,-5.306422847163473] ],
[ [-0.30959618504174224,-0.8235488934755123,-6.392549182851117], [0.3679752604703094,-0.8458477190157471,-6.278052661580297], [-0.13872845948636478,-0.6541273471472806,-5.306422847163473] ],
[ [-0.6227561833301153,-0.7050591057672582,-5.792048927319254], [-0.30959618504174224,-0.8235488934755123,-6.392549182851117], [-0.13872845948636478,-0.6541273471472806,-5.306422847163473] ],
[ [-0.6227561833301153,-0.7050591057672582,-5.792048927319254], [-0.9442006800446456,-0.09888403510405498,-5.8360351803008035], [-0.8297041587738252,0.15726311053262212,-6.463720564212161] ],
[ [-0.30959618504174224,-0.8235488934755123,-6.392549182851117], [-0.6227561833301153,-0.7050591057672582,-5.792048927319254], [-0.8297041587738252,0.15726311053262212,-6.463720564212161] ],
[ [-0.4374969600879715,-0.2906044069725215,-6.807664994717626], [-0.30959618504174224,-0.8235488934755123,-6.392549182851117], [-0.8297041587738252,0.15726311053262212,-6.463720564212161] ],
[ [-0.9442006800446456,-0.09888403510405498,-5.8360351803008035], [-0.6588364332184478,0.32668465686085385,-5.377594228524517], [-0.3679752604703094,0.8458477190157471,-5.721947338419703] ],
[ [-0.8297041587738252,0.15726311053262212,-6.463720564212161], [-0.9442006800446456,-0.09888403510405498,-5.8360351803008035], [-0.3679752604703094,0.8458477190157471,-5.721947338419703] ],
[ [-0.4735772099763039,0.7411393556555905,-6.39321029592289], [-0.8297041587738252,0.15726311053262212,-6.463720564212161], [-0.3679752604703094,0.8458477190157471,-5.721947338419703] ],
[ [0.9442006800446456,0.09888403510405498,-6.1639648196991965], [0.6227561833301153,0.7050591057672582,-6.207951072680746], [0.30959618504174224,0.8235488934755123,-5.607450817148883] ],
[ [0.8297041587738252,-0.15726311053262212,-5.536279435787839], [0.9442006800446456,0.09888403510405498,-6.1639648196991965], [0.30959618504174224,0.8235488934755123,-5.607450817148883] ],
[ [0.4374969600879715,0.2906044069725215,-5.192335005282374], [0.8297041587738252,-0.15726311053262212,-5.536279435787839], [0.30959618504174224,0.8235488934755123,-5.607450817148883] ],
[ [0.8297041587738252,-0.15726311053262212,-5.536279435787839], [0.4735772099763039,-0.7411393556555905,-5.60678970407711], [0.3679752604703094,-0.8458477190157471,-6.278052661580297] ],
[ [0.9442006800446456,0.09888403510405498,-6.1639648196991965], [0.8297041587738252,-0.15726311053262212,-5.536279435787839], [0.3679752604703094,-0.8458477190157471,-6.278052661580297] ],
[ [0.6588364332184478,-0.32668465686085385,-6.622405771475483], [0.9442006800446456,0.09888403510405498,-6.1639648196991965], [0.3679752604703094,-0.8458477190157471,-6.278052661580297] ]
